timestamp,value,label
2005-01-01 01:00:00,352.18683796148684,0
2005-01-01 02:00:00,209.20743482317278,0
2005-01-01 03:00:00,60.85405323653089,0
2005-01-01 04:00:00,-88.00158500017163,0
2005-01-01 05:00:00,-232.4819960254581,0
2005-01-01 06:00:00,-367.9385759383292,0
2005-01-01 07:00:00,-490.1733481173923,0
2005-01-01 08:00:00,-595.6356289163151,0
2005-01-01 09:00:00,-681.5830124766612,0
2005-01-01 10:00:00,-746.1983178075589,0
2005-01-01 11:00:00,-788.6568817318339,0
2005-01-01 12:00:00,-809.1416295944865,0
2005-01-01 13:00:00,-808.8065022716082,0
2005-01-01 14:00:00,-789.6918497348473,0
2005-01-01 15:00:00,-754.5981168536171,0
2005-01-01 16:00:00,-706.9263714102455,0
2005-01-01 17:00:00,-650.4958215695993,0
2005-01-01 18:00:00,-589.3493526518866,0
2005-01-01 19:00:00,-527.5582471291611,0
2005-01-01 20:00:00,-469.036658483349,0
2005-01-01 21:00:00,-417.3751622199581,0
2005-01-01 22:00:00,-375.70092442804633,0
2005-01-01 23:00:00,-346.56986325484434,0
2005-01-02 00:00:00,-331.8938071298859,0
2005-01-02 01:00:00,-332.9032590701584,0
2005-01-02 02:00:00,-350.1441358637745,0
2005-01-02 03:00:00,-383.50492102505194,0
2005-01-02 04:00:00,-432.2691757853096,0
2005-01-02 05:00:00,-495.1873767870031,0
2005-01-02 06:00:00,-570.5616300997374,0
2005-01-02 07:00:00,-656.33693850857,0
2005-01-02 08:00:00,-750.1933174089265,0
2005-01-02 09:00:00,-849.634069799673,0
2005-01-02 10:00:00,-952.066818903993,0
2005-01-02 11:00:00,-1054.8753159975035,0
2005-01-02 12:00:00,-1155.4814441733324,0
2005-01-02 13:00:00,-1251.398087199326,0
2005-01-02 14:00:00,-1340.2745077960212,0
2005-01-02 15:00:00,-1419.9364936243335,0
2005-01-02 16:00:00,-1488.4237320925758,0
2005-01-02 17:00:00,-1544.026658930626,0
2005-01-02 18:00:00,-1585.3244248784017,0
2005-01-02 19:00:00,-1611.2247132704742,0
2005-01-02 20:00:00,-1621.0050242643583,0
2005-01-02 21:00:00,-1614.3538467084793,0
2005-01-02 22:00:00,-1591.4090044005504,0
2005-01-02 23:00:00,-1552.789525650593,0
2005-01-03 00:00:00,-1499.6167645131372,0
2005-01-03 01:00:00,-1433.5202931230556,0
2005-01-03 02:00:00,-1356.624345710041,0
2005-01-03 03:00:00,-1271.5113423143619,0
2005-01-03 04:00:00,-1181.1602252499583,0
2005-01-03 05:00:00,-1088.8589313659309,0
2005-01-03 06:00:00,-998.0921866053602,0
2005-01-03 07:00:00,-912.4078041419561,0
2005-01-03 08:00:00,-835.2666319831583,0
2005-01-03 09:00:00,-769.8830625403642,0
2005-01-03 10:00:00,-719.0644250754981,0
2005-01-03 11:00:00,-685.058493183337,0
2005-01-03 12:00:00,-669.418648074047,0
2005-01-03 13:00:00,-672.8958821263413,0
2005-01-03 14:00:00,-695.3657934456386,0
2005-01-03 15:00:00,-735.7970507621001,0
2005-01-03 16:00:00,-792.265589510218,0
2005-01-03 17:00:00,-862.0161700945337,0
2005-01-03 18:00:00,-941.5700597901584,0
2005-01-03 19:00:00,-1026.8746856429127,0
2005-01-03 20:00:00,-1113.4883515010738,0
2005-01-03 21:00:00,-1196.7907161583967,0
2005-01-03 22:00:00,-1272.207868496036,0
2005-01-03 23:00:00,-1335.439651531246,0
2005-01-04 00:00:00,-1382.6764763655322,0
2005-01-04 01:00:00,-1410.793271252527,0
2005-01-04 02:00:00,-1417.5094148338703,0
2005-01-04 03:00:00,-1401.5054334539623,0
2005-01-04 04:00:00,-1362.4897756915313,0
2005-01-04 05:00:00,-1301.2119449409718,0
2005-01-04 06:00:00,-1219.4214740822629,0
2005-01-04 07:00:00,-1119.7754494999904,0
2005-01-04 08:00:00,-1005.7003186808724,0
2005-01-04 09:00:00,-881.2163450875543,0
2005-01-04 10:00:00,-750.7351343581695,0
2005-01-04 11:00:00,-618.8420174410413,0
2005-01-04 12:00:00,-490.07566037905207,0
2005-01-04 13:00:00,-368.717054611448,0
2005-01-04 14:00:00,-258.59906039722455,0
2005-01-04 15:00:00,-162.94601739464386,0
2005-01-04 16:00:00,-84.25073477138665,0
2005-01-04 17:00:00,-24.1935979196831,0
2005-01-04 18:00:00,16.39422879151857,0
2005-01-04 19:00:00,37.524265466742605,0
2005-01-04 20:00:00,40.004144051559024,0
2005-01-04 21:00:00,25.356458661306533,0
2005-01-04 22:00:00,-4.289848413757312,0
2005-01-04 23:00:00,-46.327396149111365,0
2005-01-05 00:00:00,-97.80898275156099,0
2005-01-05 01:00:00,-155.5885351129295,0
2005-01-05 02:00:00,-216.45679205176376,0
2005-01-05 03:00:00,-277.26537200903897,0
2005-01-05 04:00:00,-335.03446045724735,0
2005-01-05 05:00:00,-387.0411199015445,0
2005-01-05 06:00:00,-430.887015763134,0
2005-01-05 07:00:00,-464.54601101246396,0
2005-01-05 08:00:00,-486.3934769216388,0
2005-01-05 09:00:00,-495.2201927459916,0
2005-01-05 10:00:00,-490.23429787544075,0
2005-01-05 11:00:00,-471.0548933567691,0
2005-01-05 12:00:00,-437.7005868765325,0
2005-01-05 13:00:00,-390.57559842195815,0
2005-01-05 14:00:00,-330.4550894539434,0
2005-01-05 15:00:00,-258.47026809704795,0
2005-01-05 16:00:00,-176.09269160825636,0
2005-01-05 17:00:00,-85.11617105707293,0
2005-01-05 18:00:00,12.366094344446424,0
2005-01-05 19:00:00,113.99196410439129,0
2005-01-05 20:00:00,217.17122715435738,0
2005-01-05 21:00:00,319.1393368922416,0
2005-01-05 22:00:00,417.02563045104995,0
2005-01-05 23:00:00,507.9364708699859,0
2005-01-06 00:00:00,589.0523049198948,0
2005-01-06 01:00:00,657.7360448276769,0
2005-01-06 02:00:00,711.6486048699421,0
2005-01-06 03:00:00,748.8660067857486,0
2005-01-06 04:00:00,767.9913580535272,0
2005-01-06 05:00:00,768.2543318638079,0
2005-01-06 06:00:00,749.5906336061984,0
2005-01-06 07:00:00,820.6167303626237,1
2005-01-06 08:00:00,659.0373718949688,0
2005-01-06 09:00:00,590.8507849563532,0
2005-01-06 10:00:00,511.0669739711237,0
2005-01-06 11:00:00,423.2213581795345,0
2005-01-06 12:00:00,331.317042011028,0
2005-01-06 13:00:00,239.65734544175535,0
2005-01-06 14:00:00,152.65380730532115,0
2005-01-06 15:00:00,74.61921430737476,0
2005-01-06 16:00:00,9.556655767025802,0
2005-01-06 17:00:00,-39.04361882773276,0
2005-01-06 18:00:00,-68.38773585157759,0
2005-01-06 19:00:00,-76.53107495053644,0
2005-01-06 20:00:00,-62.490936079909716,0
2005-01-06 21:00:00,-26.311610059701877,0
2005-01-06 22:00:00,30.92283627029002,0
2005-01-06 23:00:00,107.1296945757436,0
2005-01-07 00:00:00,199.3210936406415,0
2005-01-07 01:00:00,303.7450970254499,0
2005-01-07 02:00:00,416.0668190419232,0
2005-01-07 03:00:00,531.5795517334204,0
2005-01-07 04:00:00,645.4341210322732,0
2005-01-07 05:00:00,752.8736664202722,0
2005-01-07 06:00:00,849.4608308528777,0
2005-01-07 07:00:00,931.2849643820912,0
2005-01-07 08:00:00,995.1383358324528,0
2005-01-07 09:00:00,1038.6524081518287,0
2005-01-07 10:00:00,1060.3878149522943,0
2005-01-07 11:00:00,1059.8745941979219,0
2005-01-07 12:00:00,1037.602285499107,0
2005-01-07 13:00:00,994.9624704828342,0
2005-01-07 14:00:00,934.1490321366937,0
2005-01-07 15:00:00,858.0236547755565,0
2005-01-07 16:00:00,769.9557446519273,0
2005-01-07 17:00:00,673.6469322556029,0
2005-01-07 18:00:00,572.9505833759484,0
2005-01-07 19:00:00,471.6963131461594,0
2005-01-07 20:00:00,373.52843268293935,0
2005-01-07 21:00:00,281.76567305359185,0
2005-01-07 22:00:00,199.28757197068416,0
2005-01-07 23:00:00,128.45074252552308,0
2005-01-08 00:00:00,71.03604605860698,0
2005-01-08 01:00:00,28.225632269584082,0
2005-01-08 02:00:00,0.6070385555281632,0
2005-01-08 03:00:00,-11.799824141960073,0
2005-01-08 04:00:00,-9.497851263108203,0
2005-01-08 05:00:00,6.544496771931108,0
2005-01-08 06:00:00,34.957590288939286,0
2005-01-08 07:00:00,74.0375097422118,0
2005-01-08 08:00:00,121.81169141141271,0
2005-01-08 09:00:00,176.10081084362037,0
2005-01-08 10:00:00,234.57566161799252,0
2005-01-08 11:00:00,294.80902870740414,0
2005-01-08 12:00:00,354.32362032204924,0
2005-01-08 13:00:00,410.63789816794616,0
2005-01-08 14:00:00,461.31205322024454,0
2005-01-08 15:00:00,503.99637041160247,0
2005-01-08 16:00:00,536.483811161231,0
2005-01-08 17:00:00,556.7678595868178,0
2005-01-08 18:00:00,563.1056070417958,0
2005-01-08 19:00:00,554.0848019438004,0
2005-01-08 20:00:00,528.6923004914225,0
2005-01-08 21:00:00,486.3801607575636,0
2005-01-08 22:00:00,427.1246659818811,0
2005-01-08 23:00:00,351.47296428405446,0
2005-01-09 00:00:00,260.5718649958022,0
2005-01-09 01:00:00,156.17369245813381,0
2005-01-09 02:00:00,40.61497888791308,0
2005-01-09 03:00:00,-83.23485504561575,0
2005-01-09 04:00:00,-212.05590877492722,0
2005-01-09 05:00:00,-342.1903129653644,0
2005-01-09 06:00:00,-469.7816541724754,0
2005-01-09 07:00:00,-590.9359518453414,0
2005-01-09 08:00:00,-701.8968605157522,0
2005-01-09 09:00:00,-799.2261780388949,0
2005-01-09 10:00:00,-879.9796687823484,0
2005-01-09 11:00:00,-941.8677703539499,0
2005-01-09 12:00:00,-983.3910111285261,0
2005-01-09 13:00:00,-1003.9409397746941,0
2005-01-09 14:00:00,-1003.859019720821,0
2005-01-09 15:00:00,-984.448181228523,0
2005-01-09 16:00:00,-947.9344149092171,0
2005-01-09 17:00:00,-897.3787591579676,0
2005-01-09 18:00:00,-836.5430811082881,0
2005-01-09 19:00:00,-769.7159668607451,0
2005-01-09 20:00:00,-701.507617476923,0
2005-01-09 21:00:00,-636.6247085087596,0
2005-01-09 22:00:00,-579.6375629301206,0
2005-01-09 23:00:00,-534.7526063264776,0
2005-01-10 00:00:00,-505.6028690285034,0
2005-01-10 01:00:00,-495.06828042274236,0
2005-01-10 02:00:00,-505.1357314377534,0
2005-01-10 03:00:00,-536.8064806643719,0
2005-01-10 04:00:00,-590.0556105366895,0
2005-01-10 05:00:00,-663.8450976538761,0
2005-01-10 06:00:00,-756.188858827248,0
2005-01-10 07:00:00,-864.2650872694039,0
2005-01-10 08:00:00,-984.5685035283707,0
2005-01-10 09:00:00,-1113.0929872423762,0
2005-01-10 10:00:00,-1245.5335619921266,0
2005-01-10 11:00:00,-1377.4959601925457,0
2005-01-10 12:00:00,-1504.7020267748376,0
2005-01-10 13:00:00,-1623.180001883955,0
2005-01-10 14:00:00,-1729.4301735042623,0
2005-01-10 15:00:00,-1820.558384579505,0
2005-01-10 16:00:00,-1894.3722543330048,0
2005-01-10 17:00:00,-1949.4375464903237,0
2005-01-10 18:00:00,-1985.0946967179243,0
2005-01-10 19:00:00,-2001.4379137963947,0
2005-01-10 20:00:00,-1999.2613309919577,0
2005-01-10 21:00:00,-1979.9782760618157,0
2005-01-10 22:00:00,-1945.5207628259018,0
2005-01-10 23:00:00,-1898.226744463297,0
2005-01-11 00:00:00,-1840.722518085478,0
2005-01-11 01:00:00,-1775.8069878840972,0
2005-01-11 02:00:00,-1706.3433769317423,0
2005-01-11 03:00:00,-1635.1625532861317,0
2005-01-11 04:00:00,-1564.9805514565269,0
2005-01-11 05:00:00,-1498.331278737221,0
2005-01-11 06:00:00,-1437.5139433874137,0
2005-01-11 07:00:00,-1384.5535544331851,0
2005-01-11 08:00:00,-1341.1720170181422,0
2005-01-11 09:00:00,-1308.7669407288108,0
2005-01-11 10:00:00,-1288.395306768074,0
2005-01-11 11:00:00,-1280.7595758495725,0
2005-01-11 12:00:00,-1286.1945950311326,0
2005-01-11 13:00:00,-1304.6546780472368,0
2005-01-11 14:00:00,-1335.7013661178144,0
2005-01-11 15:00:00,-1378.4934888467858,0
2005-01-11 16:00:00,-1431.7821025900532,0
2005-01-11 17:00:00,-1493.9135649209925,0
2005-01-11 18:00:00,-1562.8443118941195,0
2005-01-11 19:00:00,-1636.170777464088,0
2005-01-11 20:00:00,-1711.1773103109645,0
2005-01-11 21:00:00,-1784.9039249511275,0
2005-01-11 22:00:00,-1854.234336850164,0
2005-01-11 23:00:00,-1916.0030791052009,0
2005-01-12 00:00:00,-1967.1187151869094,0
2005-01-12 01:00:00,-2004.6984016719307,0
2005-01-12 02:00:00,-2026.2074769138212,0
2005-01-12 03:00:00,-2029.5965092333936,0
2005-01-12 04:00:00,-2013.42746411129,0
2005-01-12 05:00:00,-1976.9804443306189,0
2005-01-12 06:00:00,-1920.3328784126643,0
2005-01-12 07:00:00,-1844.404091122823,0
2005-01-12 08:00:00,-1750.9598446306002,0
2005-01-12 09:00:00,-1642.5736002059994,0
2005-01-12 10:00:00,-1522.5437846150458,0
2005-01-12 11:00:00,-1394.7690847170081,0
2005-01-12 12:00:00,-1263.586547996952,0
2005-01-12 13:00:00,-1133.5798376599826,0
2005-01-12 14:00:00,-1009.3671872775366,0
2005-01-12 15:00:00,-895.3802524909946,0
2005-01-12 16:00:00,-795.6460318761461,0
2005-01-12 17:00:00,-713.584237806564,0
2005-01-12 18:00:00,-651.8319066635901,0
2005-01-12 19:00:00,-612.1056687040859,0
2005-01-12 20:00:00,-595.1100301602261,0
2005-01-12 21:00:00,-600.4973835649183,0
2005-01-12 22:00:00,-626.8824286622923,0
2005-01-12 23:00:00,-671.9104569862192,0
2005-01-13 00:00:00,-732.3757446880143,0
2005-01-13 01:00:00,-804.383326091901,0
2005-01-13 02:00:00,-883.5448838186926,0
2005-01-13 03:00:00,-965.1975581237357,0
2005-01-13 04:00:00,-1044.6332730721042,0
2005-01-13 05:00:00,-1117.3257729160914,0
2005-01-13 06:00:00,-1179.1429740904491,0
2005-01-13 07:00:00,-1226.5334244922126,0
2005-01-13 08:00:00,-1256.6775261560883,0
2005-01-13 09:00:00,-1267.596577937715,0
2005-01-13 10:00:00,-1258.2154542886794,0
2005-01-13 11:00:00,-1228.3776562897892,0
2005-01-13 12:00:00,-1178.8143472758727,0
2005-01-13 13:00:00,-1111.0716222821773,0
2005-01-13 14:00:00,-1027.4024863700304,0
2005-01-13 15:00:00,-930.6316957172943,0
2005-01-13 16:00:00,-824.0026564340948,0
2005-01-13 17:00:00,-711.0159394272989,0
2005-01-13 18:00:00,-595.268667656617,0
2005-01-13 19:00:00,-480.3031268919823,0
2005-01-13 20:00:00,-369.4715479345656,0
2005-01-13 21:00:00,-265.8222460277147,0
2005-01-13 22:00:00,-172.01034195894908,0
2005-01-13 23:00:00,-90.23429687964017,0
2005-01-14 00:00:00,-22.197630595120472,0
2005-01-14 01:00:00,30.90639691418596,0
2005-01-14 02:00:00,68.39056715227855,0
2005-01-14 03:00:00,90.0541240887344,0
2005-01-14 04:00:00,96.15227510101681,0
2005-01-14 05:00:00,87.35900793877363,0
2005-01-14 06:00:00,64.72684445814934,0
2005-01-14 07:00:00,29.64622003102079,0
2005-01-14 08:00:00,-16.193950109984257,0
2005-01-14 09:00:00,-70.8441440348131,0
2005-01-14 10:00:00,-132.13128194867932,0
2005-01-14 11:00:00,-197.69659101314505,0
2005-01-14 12:00:00,-265.03651976040146,0
2005-01-14 13:00:00,-331.54914482684376,0
2005-01-14 14:00:00,-394.5883033178767,0
2005-01-14 15:00:00,-451.5270641738209,0
2005-01-14 16:00:00,-499.8311715095548,0
2005-01-14 17:00:00,-537.1418401405967,0
2005-01-14 18:00:00,-561.3658770184051,0
2005-01-14 19:00:00,-570.0111064240962,0
2005-01-14 20:00:00,-562.5552349895962,0
2005-01-14 21:00:00,-538.2566590388691,0
2005-01-14 22:00:00,-496.9865908377011,0
2005-01-14 23:00:00,-439.28313688785875,0
2005-01-15 00:00:00,-366.3798312489813,0
2005-01-15 01:00:00,-280.2035323145923,0
2005-01-15 02:00:00,-183.3380913939916,0
2005-01-15 03:00:00,-78.95213741095733,0
2005-01-15 04:00:00,29.30843077288216,0
2005-01-15 05:00:00,137.46025128968267,0
2005-01-15 06:00:00,241.3492334184234,0
2005-01-15 07:00:00,336.83667443314323,0
2005-01-15 08:00:00,419.9954243394918,0
2005-01-15 09:00:00,487.3055092462896,0
2005-01-15 10:00:00,535.8380241813435,0
2005-01-15 11:00:00,563.4162341902324,0
2005-01-15 12:00:00,568.7436998811355,0
2005-01-15 13:00:00,551.4908364524226,0
2005-01-15 14:00:00,512.3335361372965,0
2005-01-15 15:00:00,452.94019711215003,0
2005-01-15 16:00:00,375.906532455012,0
2005-01-15 17:00:00,284.64067937151424,0
2005-01-15 18:00:00,183.204178356723,0
2005-01-15 19:00:00,76.11713470409427,0
2005-01-15 20:00:00,-31.861879445898353,0
2005-01-15 21:00:00,-135.9690322931624,0
2005-01-15 22:00:00,-231.66857188588278,0
2005-01-15 23:00:00,-314.873317695874,0
2005-01-16 00:00:00,-382.14014410878366,0
2005-01-16 01:00:00,-430.8298813615043,0
2005-01-16 02:00:00,-459.22329929770393,0
2005-01-16 03:00:00,-466.5875766611486,0
2005-01-16 04:00:00,-453.1907033872252,0
2005-01-16 05:00:00,-420.264406073585,0
2005-01-16 06:00:00,-369.91921433703703,0
2005-01-16 07:00:00,-305.01799683440515,0
2005-01-16 08:00:00,-229.01651560395794,0
2005-01-16 09:00:00,208.34255511848076,1
2005-01-16 10:00:00,-59.394742190564216,0
2005-01-16 11:00:00,26.038081713501583,0
2005-01-16 12:00:00,106.5759016333999,0
2005-01-16 13:00:00,178.60616189285884,0
2005-01-16 14:00:00,238.98418472817627,0
2005-01-16 15:00:00,285.1401207565748,0
2005-01-16 16:00:00,315.1508688442474,0
2005-01-16 17:00:00,327.776383316581,0
2005-01-16 18:00:00,322.4620270095377,0
2005-01-16 19:00:00,299.3105578981982,0
2005-01-16 20:00:00,259.02883032787804,0
2005-01-16 21:00:00,202.85526549119857,0
2005-01-16 22:00:00,132.47456227621376,0
2005-01-16 23:00:00,49.925989185371805,0
2005-01-17 00:00:00,-42.489023900329585,0
2005-01-17 01:00:00,-142.29529439717396,0
2005-01-17 02:00:00,-246.92488862331254,0
2005-01-17 03:00:00,-353.7887321965849,0
2005-01-17 04:00:00,-460.33825261827553,0
2005-01-17 05:00:00,-564.1177301831317,0
2005-01-17 06:00:00,-662.8090126872497,0
2005-01-17 07:00:00,-754.2708672569174,0
2005-01-17 08:00:00,-836.5754489685821,0
2005-01-17 09:00:00,-908.044152843095,0
2005-01-17 10:00:00,-967.284517742026,0
2005-01-17 11:00:00,-1013.2289410813751,0
2005-01-17 12:00:00,-1045.1748475539875,0
2005-01-17 13:00:00,-1062.8247609355767,0
2005-01-17 14:00:00,-1066.3235937462116,0
2005-01-17 15:00:00,-1056.28953095315,0
2005-01-17 16:00:00,-1033.8342619261896,0
2005-01-17 17:00:00,-1000.5681038613138,0
2005-01-17 18:00:00,-958.5858183714689,0
2005-01-17 19:00:00,-910.4296672073853,0
2005-01-17 20:00:00,-859.0274544604763,0
2005-01-17 21:00:00,-807.6048886100498,0
2005-01-17 22:00:00,-759.5734569657116,0
2005-01-17 23:00:00,-718.3969954178316,0
2005-01-18 00:00:00,-687.4420965459261,0
2005-01-18 01:00:00,-669.8192613315587,0
2005-01-18 02:00:00,-668.2231038814418,0
2005-01-18 03:00:00,-684.780825834647,0
2005-01-18 04:00:00,-720.9184821176522,0
2005-01-18 05:00:00,-777.2542002550492,0
2005-01-18 06:00:00,-853.526479077831,0
2005-01-18 07:00:00,-948.5640192368272,0
2005-01-18 08:00:00,-1060.301318046354,0
2005-01-18 09:00:00,-1185.8416306351835,0
2005-01-18 10:00:00,-1321.5660298117646,0
2005-01-18 11:00:00,-1463.2843836477905,0
2005-01-18 12:00:00,-1606.42131691241,0
2005-01-18 13:00:00,-1746.227828342448,0
2005-01-18 14:00:00,-1878.007377244258,0
2005-01-18 15:00:00,-1997.3440720763938,0
2005-01-18 16:00:00,-2100.320186335791,0
2005-01-18 17:00:00,-2183.710635252505,0
2005-01-18 18:00:00,-2245.143254850518,0
2005-01-18 19:00:00,-2283.215660184596,0
2005-01-18 20:00:00,-2297.5619972380246,0
2005-01-18 21:00:00,-2288.8658750578425,0
2005-01-18 22:00:00,-2258.818972147544,0
2005-01-18 23:00:00,-2210.0280383338677,0
2005-01-19 00:00:00,-2145.876043908146,0
2005-01-19 01:00:00,-2070.3458604774373,0
2005-01-19 02:00:00,-1987.8169209536068,0
2005-01-19 03:00:00,-1902.8466697193749,0
2005-01-19 04:00:00,-1819.9491995275775,0
2005-01-19 05:00:00,-1743.3832565812975,0
2005-01-19 06:00:00,-1676.9608140270748,0
2005-01-19 07:00:00,-1623.8857548810643,0
2005-01-19 08:00:00,-1586.6300024310847,0
2005-01-19 09:00:00,-1566.8518589007274,0
2005-01-19 10:00:00,-1565.358552970914,0
2005-01-19 11:00:00,-1582.1122520079134,0
2005-01-19 12:00:00,-1616.2762558451311,0
2005-01-19 13:00:00,-1666.2959237495274,0
2005-01-19 14:00:00,-1730.0072283781553,0
2005-01-19 15:00:00,-1804.764770052437,0
2005-01-19 16:00:00,-1887.5806622644425,0
2005-01-19 17:00:00,-1975.2659048975443,0
2005-01-19 18:00:00,-2064.566636826203,0
2005-01-19 19:00:00,-2152.288904036668,0
2005-01-19 20:00:00,-2235.4071604763903,0
2005-01-19 21:00:00,-2311.153483382366,0
2005-01-19 22:00:00,-2377.08627269952,0
2005-01-19 23:00:00,-2431.1388618184747,0
2005-01-20 00:00:00,-2471.649860044028,0
2005-01-20 01:00:00,-2497.3780720006603,0
2005-01-20 02:00:00,-2507.505429956187,0
2005-01-20 03:00:00,-2501.631509140254,0
2005-01-20 04:00:00,-2479.7628947304347,0
2005-01-20 05:00:00,-2442.2999943534687,0
2005-01-20 06:00:00,-2390.0229382023426,0
2005-01-20 07:00:00,-2324.077101702601,0
2005-01-20 08:00:00,-2245.9576580280655,0
2005-01-20 09:00:00,-2157.491555406925,0
2005-01-20 10:00:00,-2060.8145408973774,0
2005-01-20 11:00:00,-1958.3404184223955,0
2005-01-20 12:00:00,-1852.7197014899457,0
2005-01-20 13:00:00,-1746.7852275589958,0
2005-01-20 14:00:00,-1643.4831258422919,0
2005-01-20 15:00:00,-1545.7887154968744,0
2005-01-20 16:00:00,-1456.6083606603306,0
2005-01-20 17:00:00,-1378.6698964263014,0
2005-01-20 18:00:00,-1314.405819723759,0
2005-01-20 19:00:00,-1265.8348580853453,0
2005-01-20 20:00:00,-1234.4486405502544,0
2005-01-20 21:00:00,-1221.1108708369886,0
2005-01-20 22:00:00,-1225.9765469148354,0
2005-01-20 23:00:00,-1248.4383271797817,0
2005-01-21 00:00:00,-1287.1061023261236,0
2005-01-21 01:00:00,-1339.8242336594142,0
2005-01-21 02:00:00,-1403.7288506780098,0
2005-01-21 03:00:00,768.0543159962392,1
2005-01-21 04:00:00,-1550.7223983143865,0
2005-01-21 05:00:00,-1625.6005577430778,0
2005-01-21 06:00:00,-1695.6024885100182,0
2005-01-21 07:00:00,-1756.440669705783,0
2005-01-21 08:00:00,-1804.128341889868,0
2005-01-21 09:00:00,-1835.1829864375889,0
2005-01-21 10:00:00,-1846.810370723792,0
2005-01-21 11:00:00,-1837.058092508806,0
2005-01-21 12:00:00,-1804.9290537200282,0
2005-01-21 13:00:00,-1750.4474562747196,0
2005-01-21 14:00:00,-1674.6726071267499,0
2005-01-21 15:00:00,-1579.6588722932852,0
2005-01-21 16:00:00,-1468.363328066786,0
2005-01-21 17:00:00,-1344.505806319264,0
2005-01-21 18:00:00,-1212.3889064369373,0
2005-01-21 19:00:00,-1076.687953643487,0
2005-01-21 20:00:00,-942.2226593010837,0
2005-01-21 21:00:00,-813.7232645800966,0
2005-01-21 22:00:00,-695.6041590033325,0
2005-01-21 23:00:00,-591.7573517754674,0
2005-01-22 00:00:00,-505.376786420111,0
2005-01-22 01:00:00,-438.822431876054,0
2005-01-22 02:00:00,-393.53050547423004,0
2005-01-22 03:00:00,-369.9732691033506,0
2005-01-22 04:00:00,-367.6687937538899,0
2005-01-22 05:00:00,-385.238118952596,0
2005-01-22 06:00:00,-420.50454134412394,0
2005-01-22 07:00:00,-470.62752483445183,0
2005-01-22 08:00:00,-532.2620698881259,0
2005-01-22 09:00:00,-601.733401647568,0
2005-01-22 10:00:00,-675.2165730905895,0
2005-01-22 11:00:00,-748.911014283103,0
2005-01-22 12:00:00,-819.20112473726,0
2005-01-22 13:00:00,-882.7955914430697,0
2005-01-22 14:00:00,-936.8400744591153,0
2005-01-22 15:00:00,-979.0000673351014,0
2005-01-22 16:00:00,-1007.5129354765337,0
2005-01-22 17:00:00,-1021.2101925451926,0
2005-01-22 18:00:00,-1019.5128435003378,0
2005-01-22 19:00:00,-1002.4039844677507,0
2005-01-22 20:00:00,-970.383725612006,0
2005-01-22 21:00:00,-924.4118598695933,0
2005-01-22 22:00:00,-865.8435503104697,0
2005-01-22 23:00:00,-796.3627082033477,0
2005-01-23 00:00:00,-717.9167761291543,0
2005-01-23 01:00:00,-632.6554373651821,0
2005-01-23 02:00:00,-542.8744824326775,0
2005-01-23 03:00:00,-450.96481808953286,0
2005-01-23 04:00:00,-359.36553589041864,0
2005-01-23 05:00:00,-270.51917829440345,0
2005-01-23 06:00:00,-186.82693056950234,0
2005-01-23 07:00:00,-110.60146847425904,0
2005-01-23 08:00:00,-44.01560484664765,0
2005-01-23 09:00:00,10.954339333305143,0
2005-01-23 10:00:00,52.59044259334678,0
2005-01-23 11:00:00,79.49912409920626,0
2005-01-23 12:00:00,90.67858024536076,0
2005-01-23 13:00:00,85.58398351571441,0
2005-01-23 14:00:00,-20.21668805203825,1
2005-01-23 15:00:00,27.015588983376347,0
2005-01-23 16:00:00,-24.8051334941988,0
2005-01-23 17:00:00,-89.5597668429923,0
2005-01-23 18:00:00,-164.95773428706013,0
2005-01-23 19:00:00,-248.18570345144292,0
2005-01-23 20:00:00,-335.9896560630227,0
2005-01-23 21:00:00,-424.78687587132094,0
2005-01-23 22:00:00,-510.80467676618787,0
2005-01-23 23:00:00,-590.2405249381902,0
2005-01-24 00:00:00,-659.4362465826068,0
2005-01-24 01:00:00,-715.057423855667,0
2005-01-24 02:00:00,-754.2680124755925,0
2005-01-24 03:00:00,-774.8897761131852,0
2005-01-24 04:00:00,-775.5363928010495,0
2005-01-24 05:00:00,-755.7130632691967,0
2005-01-24 06:00:00,-715.8741028951744,0
2005-01-24 07:00:00,-657.4332380338036,0
2005-01-24 08:00:00,-582.7240173284861,0
2005-01-24 09:00:00,-494.910715269605,0
2005-01-24 10:00:00,-397.85314982523107,0
2005-01-24 11:00:00,-295.9317490168585,0
2005-01-24 12:00:00,-193.8417784964538,0
2005-01-24 13:00:00,-96.36769953753424,0
2005-01-24 14:00:00,-8.150014759104351,0
2005-01-24 15:00:00,66.54242646593593,0
2005-01-24 16:00:00,124.02189955099334,0
2005-01-24 17:00:00,161.36131363324853,0
2005-01-24 18:00:00,176.53379179677745,0
2005-01-24 19:00:00,168.50476095149588,0
2005-01-24 20:00:00,137.2718623532644,0
2005-01-24 21:00:00,83.85113923215249,0
2005-01-24 22:00:00,10.211163102178489,0
2005-01-24 23:00:00,-80.84019048478012,0
2005-01-25 00:00:00,-185.80891478103172,0
2005-01-25 01:00:00,-300.6984320824341,0
2005-01-25 02:00:00,-421.21248634560993,0
2005-01-25 03:00:00,-542.9655684960916,0
2005-01-25 04:00:00,-661.6891078884407,0
2005-01-25 05:00:00,-773.4224468325508,0
2005-01-25 06:00:00,-874.6790683551055,0
2005-01-25 07:00:00,-962.5805441123555,0
2005-01-25 08:00:00,-1034.953048051198,0
2005-01-25 09:00:00,-1090.3838583146207,0
2005-01-25 10:00:00,-1128.2378536640415,0
2005-01-25 11:00:00,-1148.63641722227,0
2005-01-25 12:00:00,-1152.4032266637007,0
2005-01-25 13:00:00,-1140.9830062724197,0
2005-01-25 14:00:00,-1116.3403549439286,0
2005-01-25 15:00:00,-1080.846205322679,0
2005-01-25 16:00:00,-1037.1593221882847,0
2005-01-25 17:00:00,-988.1095690233656,0
2005-01-25 18:00:00,-936.5885570221618,0
2005-01-25 19:00:00,-885.4518683238316,0
2005-01-25 20:00:00,-837.4354619729536,0
2005-01-25 21:00:00,-795.08728019111,0
2005-01-25 22:00:00,-760.7136199598693,0
2005-01-25 23:00:00,-736.3386469625361,0
2005-01-26 00:00:00,-723.6746016579922,0
2005-01-26 01:00:00,-724.099838693859,0
2005-01-26 02:00:00,-738.6418666562951,0
2005-01-26 03:00:00,-767.9629879693952,0
2005-01-26 04:00:00,-812.3469114684416,0
2005-01-26 05:00:00,-871.6857225181498,0
2005-01-26 06:00:00,-945.4677237049588,0
2005-01-26 07:00:00,-1032.7677673494577,0
2005-01-26 08:00:00,-1132.2426543796153,0
2005-01-26 09:00:00,-1242.1348509389798,0
2005-01-26 10:00:00,-1360.2880779268623,0
2005-01-26 11:00:00,-1484.1781973421892,0
2005-01-26 12:00:00,-1610.962231581361,0
2005-01-26 13:00:00,-1737.5473303066256,0
2005-01-26 14:00:00,-1860.6801097091497,0
2005-01-26 15:00:00,-1977.0551348067208,0
2005-01-26 16:00:00,-2083.439530949835,0
2005-01-26 17:00:00,-2176.8089494393826,0
2005-01-26 18:00:00,-2254.4885341622203,0
2005-01-26 19:00:00,-2314.291294465066,0
2005-01-26 20:00:00,-2354.645516749417,0
2005-01-26 21:00:00,-2374.702643741467,0
2005-01-26 22:00:00,-2374.4174743876847,0
2005-01-26 23:00:00,-2354.5935988947667,0
2005-01-27 00:00:00,-2316.888641827659,0
2005-01-27 01:00:00,-2263.776051432774,0
2005-01-27 02:00:00,-2198.462711858494,0
2005-01-27 03:00:00,-2124.764398674435,0
2005-01-27 04:00:00,-2046.943856770239,0
2005-01-27 05:00:00,-1969.5188550036492,0
2005-01-27 06:00:00,-1897.0497725696086,0
2005-01-27 07:00:00,-1833.9179285516675,0
2005-01-27 08:00:00,-1784.106844330212,0
2005-01-27 09:00:00,-1750.9988404232424,0
2005-01-27 10:00:00,-1737.1987804858163,0
2005-01-27 11:00:00,-1744.3954082092127,0
2005-01-27 12:00:00,-1773.2686565355489,0
2005-01-27 13:00:00,-1823.4486727615586,0
2005-01-27 14:00:00,-1893.529269518935,0
2005-01-27 15:00:00,-1981.1352816994297,0
2005-01-27 16:00:00,-2083.040099574511,0
2005-01-27 17:00:00,-2195.3266742997394,0
2005-01-27 18:00:00,-2313.58275280792,0
2005-01-27 19:00:00,-2433.1191628251813,0
2005-01-27 20:00:00,-2549.1987601955925,0
2005-01-27 21:00:00,-2657.263242553722,0
2005-01-27 22:00:00,-2753.145441281639,0
2005-01-27 23:00:00,-2833.255885622326,0
2005-01-28 00:00:00,-2894.734292895767,0
2005-01-28 01:00:00,-2935.5590349491245,0
2005-01-28 02:00:00,-2954.6103862899163,0
2005-01-28 03:00:00,-2951.686275544215,0
2005-01-28 04:00:00,-2927.4721345218154,0
2005-01-28 05:00:00,-2883.469072989794,0
2005-01-28 06:00:00,-2821.8868305332207,0
2005-01-28 07:00:00,-2745.509633750101,0
2005-01-28 08:00:00,-2657.544126783284,0
2005-01-28 09:00:00,-2561.4589059087666,0
2005-01-28 10:00:00,-2460.8248869641666,0
2005-01-28 11:00:00,-2359.164829902261,0
2005-01-28 12:00:00,-2259.818943015267,0
2005-01-28 13:00:00,-2165.831729186025,0
2005-01-28 14:00:00,-2079.8632779341406,0
2005-01-28 15:00:00,-2004.1262177119843,0
2005-01-28 16:00:00,-1940.3476842417251,0
2005-01-28 17:00:00,-1889.75407466246,0
2005-01-28 18:00:00,-1853.0751553163384,0
2005-01-28 19:00:00,-1830.5633456648436,0
2005-01-28 20:00:00,-1822.0237407700806,0
2005-01-28 21:00:00,-1826.8506437392612,0
2005-01-28 22:00:00,-1844.0669990619904,0
2005-01-28 23:00:00,-1872.364053562633,0
2005-01-29 00:00:00,-1910.1397029169998,0
2005-01-29 01:00:00,-1955.5351725155906,0
2005-01-29 02:00:00,-2006.4707937691805,0
2005-01-29 03:00:00,-2060.6825431110265,0
2005-01-29 04:00:00,-2115.7616055909757,0
2005-01-29 05:00:00,-2169.199434754438,0
2005-01-29 06:00:00,-2218.4405710657084,0
2005-01-29 07:00:00,-2260.944860477512,0
2005-01-29 08:00:00,-2294.2597329574387,0
2005-01-29 09:00:00,-2316.101945983167,0
2005-01-29 10:00:00,-2324.446788894333,0
2005-01-29 11:00:00,-2317.621319513926,0
2005-01-29 12:00:00,-2294.3969116695366,0
2005-01-29 13:00:00,-2254.0753731420973,0
2005-01-29 14:00:00,-2196.5622721353047,0
2005-01-29 15:00:00,-2122.4209809471486,0
2005-01-29 16:00:00,-2032.901363515865,0
2005-01-29 17:00:00,-1929.938009098304,0
2005-01-29 18:00:00,-1816.1144100039385,0
2005-01-29 19:00:00,-1694.5914132708224,0
2005-01-29 20:00:00,-1569.0005197326932,0
2005-01-29 21:00:00,-1443.3050023546616,0
2005-01-29 22:00:00,-1321.6341919718075,0
2005-01-29 23:00:00,-1208.0984489929383,0
2005-01-30 00:00:00,-1106.5941284888538,0
2005-01-30 01:00:00,-1020.60909978321,0
2005-01-30 02:00:00,-953.0399815461654,0
2005-01-30 03:00:00,-906.0321259991915,0
2005-01-30 04:00:00,-880.8525098286079,0
2005-01-30 05:00:00,-877.8040984881969,0
2005-01-30 06:00:00,-896.1880322230321,0
2005-01-30 07:00:00,-934.3172721133906,0
2005-01-30 08:00:00,-989.5823174293976,0
2005-01-30 09:00:00,-1058.5664628520778,0
2005-01-30 10:00:00,-1137.205018829382,0
2005-01-30 11:00:00,-1220.980179920627,0
2005-01-30 12:00:00,-1305.1409845862033,0
2005-01-30 13:00:00,-1384.9362221797674,0
2005-01-30 14:00:00,-1455.847320381748,0
2005-01-30 15:00:00,-1513.8082468847917,0
2005-01-30 16:00:00,-1555.4002827916165,0
2005-01-30 17:00:00,-1578.011113971316,0
2005-01-30 18:00:00,-1579.949929034752,0
2005-01-30 19:00:00,-1560.5129519247835,0
2005-01-30 20:00:00,-1519.99688320567,0
2005-01-30 21:00:00,-1459.6608675323548,0
2005-01-30 22:00:00,-1381.640632292812,0
2005-01-30 23:00:00,-1288.821152784873,0
2005-01-31 00:00:00,-1184.6764177928098,0
2005-01-31 01:00:00,-1073.086460319159,0
2005-01-31 02:00:00,-958.1426940278632,0
2005-01-31 03:00:00,-843.9527229575999,0
2005-01-31 04:00:00,-734.4551916246639,0
2005-01-31 05:00:00,-633.253988221697,0
2005-01-31 06:00:00,-543.4793239081381,0
2005-01-31 07:00:00,-467.6810397897516,0
2005-01-31 08:00:00,-407.7571158609512,0
2005-01-31 09:00:00,-364.9179566207149,0
2005-01-31 10:00:00,-339.6847833334989,0
2005-01-31 11:00:00,-331.91852975497045,0
2005-01-31 12:00:00,-340.8741413046869,0
2005-01-31 13:00:00,-365.2742009551166,0
2005-01-31 14:00:00,-403.3953860613601,0
2005-01-31 15:00:00,-453.16138881218785,0
2005-01-31 16:00:00,-512.236553583769,0
2005-01-31 17:00:00,-578.1155028901102,0
2005-01-31 18:00:00,-648.2053158750489,0
2005-01-31 19:00:00,-719.8982474083413,0
2005-01-31 20:00:00,-790.6343847953658,0
2005-01-31 21:00:00,-857.9548939198695,0
2005-01-31 22:00:00,-919.5474886257249,0
2005-01-31 23:00:00,-973.2863781802215,0
2005-02-01 00:00:00,-1017.2691576450718,0
2005-02-01 01:00:00,-1049.8528968945734,0
2005-02-01 02:00:00,-1069.691090231219,0
2005-02-01 03:00:00,-1075.7722233652921,0
2005-02-01 04:00:00,-1067.4596032840404,0
2005-02-01 05:00:00,-1044.5309068473587,0
2005-02-01 06:00:00,-1007.2147739096115,0
2005-02-01 07:00:00,-956.2208361795538,0
2005-02-01 08:00:00,-892.7589546904692,0
2005-02-01 09:00:00,-818.5432309393735,0
2005-02-01 10:00:00,-735.7766178898627,0
2005-02-01 11:00:00,-647.1127033556413,0
2005-02-01 12:00:00,-555.5924410858837,0
2005-02-01 13:00:00,-464.5551916213003,0
2005-02-01 14:00:00,-377.525294220673,0
2005-02-01 15:00:00,-298.0773808675947,0
2005-02-01 16:00:00,-229.68560217354047,0
2005-02-01 17:00:00,-175.56369521540978,0
2005-02-01 18:00:00,-138.5042249344583,0
2005-02-01 19:00:00,-120.72623489070202,0
2005-02-01 20:00:00,-123.74084460099334,0
2005-02-01 21:00:00,-148.24396731149955,0
2005-02-01 22:00:00,-194.04428149835212,0
2005-02-01 23:00:00,-260.0329115998163,0
2005-02-02 00:00:00,-344.1990491861336,0
2005-02-02 01:00:00,-443.6931108623353,0
2005-02-02 02:00:00,-554.9361554242325,0
2005-02-02 03:00:00,-673.7713654427884,0
2005-02-02 04:00:00,-795.6506419971971,0
2005-02-02 05:00:00,-915.8469639950287,0
2005-02-02 06:00:00,-1029.6813024172968,0
2005-02-02 07:00:00,-1132.751696958102,0
2005-02-02 08:00:00,-1221.1516938186578,0
2005-02-02 09:00:00,-1291.6657508866242,0
2005-02-02 10:00:00,-1341.930424561937,0
2005-02-02 11:00:00,-1370.5520884099403,0
2005-02-02 12:00:00,-1377.1744728372983,0
2005-02-02 13:00:00,-1362.492289055969,0
2005-02-02 14:00:00,-1328.2104106117913,0
2005-02-02 15:00:00,-1276.9513160439842,0
2005-02-02 16:00:00,-1212.1165303674716,0
2005-02-02 17:00:00,-1137.7104396067316,0
2005-02-02 18:00:00,-1058.1369197685926,0
2005-02-02 19:00:00,-977.9805895779791,0
2005-02-02 20:00:00,-901.7850861959163,0
2005-02-02 21:00:00,-833.8405523523635,0
2005-02-02 22:00:00,-777.9915462694279,0
2005-02-02 23:00:00,-737.4749304286348,0
2005-02-03 00:00:00,-714.7950957859478,0
2005-02-03 01:00:00,-711.641303855918,0
2005-02-03 02:00:00,-728.8491714411247,0
2005-02-03 03:00:00,-766.4055799892628,0
2005-02-03 04:00:00,-823.4937538690771,0
2005-02-03 05:00:00,-898.5730872748071,0
2005-02-03 06:00:00,-989.4866415858686,0
2005-02-03 07:00:00,-1093.5881737809023,0
2005-02-03 08:00:00,-1207.8801326672733,0
2005-02-03 09:00:00,-1329.1542631894504,0
2005-02-03 10:00:00,-1454.1272316051472,0
2005-02-03 11:00:00,-1579.5649256110669,0
2005-02-03 12:00:00,-1702.3906609321498,0
2005-02-03 13:00:00,-1819.7742864356026,0
2005-02-03 14:00:00,-1929.2009634328465,0
2005-02-03 15:00:00,-2028.5200480311885,0
2005-02-03 16:00:00,-2115.9758941075042,0
2005-02-03 17:00:00,-2190.223414856433,0
2005-02-03 18:00:00,-2250.3318273905697,0
2005-02-03 19:00:00,-2295.7801349838765,0
2005-02-03 20:00:00,-2326.4475965302145,0
2005-02-03 21:00:00,-2342.6017548022146,0
2005-02-03 22:00:00,-2344.88564071844,0
2005-02-03 23:00:00,-2334.304661625106,0
2005-02-04 00:00:00,-2312.2125525758356,0
2005-02-04 01:00:00,-2280.2947565230797,0
2005-02-04 02:00:00,-2240.5468260583534,0
2005-02-04 03:00:00,-2195.2450061305035,0
2005-02-04 04:00:00,-2146.9061311683804,0
2005-02-04 05:00:00,-2098.2343785740195,0
2005-02-04 06:00:00,-2052.0532479853564,0
2005-02-04 07:00:00,-2011.2223240007243,0
2005-02-04 08:00:00,-1978.539833153154,0
2005-02-04 09:00:00,-1956.63359751271,0
2005-02-04 10:00:00,-1947.8445713907097,0
2005-02-04 11:00:00,-1954.1085710301427,0
2005-02-04 12:00:00,-1976.8429228747752,0
2005-02-04 13:00:00,-2016.8454362957496,0
2005-02-04 14:00:00,-2074.213254885881,0
2005-02-04 15:00:00,-2148.288700483289,0
2005-02-04 16:00:00,-2237.6381865868825,0
2005-02-04 17:00:00,-2340.0686826466554,0
2005-02-04 18:00:00,-2452.6841454346704,0
2005-02-04 19:00:00,-2571.9819281230566,0
2005-02-04 20:00:00,-2693.986594751866,0
2005-02-04 21:00:00,-2814.4159915657465,0
2005-02-04 22:00:00,-2928.872048556559,0
2005-02-04 23:00:00,-3033.046788172758,0
2005-02-05 00:00:00,-3122.9325650939836,0
2005-02-05 01:00:00,-3195.02477752692,0
2005-02-05 02:00:00,-3246.5052571583815,0
2005-02-05 03:00:00,-3275.3952892194807,0
2005-02-05 04:00:00,-3280.668707416609,0
2005-02-05 05:00:00,-3262.3176670493076,0
2005-02-05 06:00:00,-3221.3663900187676,0
2005-02-05 07:00:00,-3159.8312236880956,0
2005-02-05 08:00:00,-3080.6285596350244,0
2005-02-05 09:00:00,-2987.435302723092,0
2005-02-05 10:00:00,-2884.50945239446,0
2005-02-05 11:00:00,-2776.480761418068,0
2005-02-05 12:00:00,-2668.1232096310423,0
2005-02-05 13:00:00,-2564.1220529356,0
2005-02-05 14:00:00,-2468.848415378273,0
2005-02-05 15:00:00,-2386.1537765838966,0
2005-02-05 16:00:00,-2319.19531810878,0
2005-02-05 17:00:00,-2270.301034260869,0
2005-02-05 18:00:00,-2240.880935248987,0
2005-02-05 19:00:00,-2231.387757144713,0
2005-02-05 20:00:00,-2241.327548429533,0
2005-02-05 21:00:00,-2269.3175362697175,0
2005-02-05 22:00:00,-2313.1859860419963,0
2005-02-05 23:00:00,-2370.106528953342,0
2005-02-06 00:00:00,-2436.7577813851462,0
2005-02-06 01:00:00,-2509.4981056384863,0
2005-02-06 02:00:00,-2584.545102537346,0
2005-02-06 03:00:00,-2658.1498655786913,0
2005-02-06 04:00:00,-2726.7570967142383,0
2005-02-06 05:00:00,-701.045473566809,1
2005-02-06 06:00:00,-2836.531023212855,0
2005-02-06 07:00:00,-2872.666020726232,0
2005-02-06 08:00:00,-2893.8729426448954,0
2005-02-06 09:00:00,-2899.07404995117,0
2005-02-06 10:00:00,-2887.7837588099055,0
2005-02-06 11:00:00,-2860.079914618579,0
2005-02-06 12:00:00,-2816.5573640593902,0
2005-02-06 13:00:00,-2758.269276977855,0
2005-02-06 14:00:00,-2686.6615198028326,0
2005-02-06 15:00:00,-2603.5047808154445,0
2005-02-06 16:00:00,-2510.8281884493144,0
2005-02-06 17:00:00,-2410.8569686438855,0
2005-02-06 18:00:00,-2305.9553943086034,0
2005-02-06 19:00:00,-2198.575031179371,0
2005-02-06 20:00:00,-2091.2072125703626,0
2005-02-06 21:00:00,-1986.3378923976309,0
2005-02-06 22:00:00,-1886.4026118671022,0
2005-02-06 23:00:00,-1793.7393125335525,0
2005-02-07 00:00:00,-1710.5371371135338,0
2005-02-07 01:00:00,-1638.780137450407,0
2005-02-07 02:00:00,-1580.1858760165958,0
2005-02-07 03:00:00,-1536.1401517606566,0
2005-02-07 04:00:00,-1507.630370260214,0
2005-02-07 05:00:00,-1495.1812701286265,0
2005-02-07 06:00:00,-1498.7976742880678,0
2005-02-07 07:00:00,-1517.919534442699,0
2005-02-07 08:00:00,-1551.3946863225474,0
2005-02-07 09:00:00,-1597.4743758724937,0
2005-02-07 10:00:00,-1653.8357400145676,0
2005-02-07 11:00:00,-1717.634063640859,0
2005-02-07 12:00:00,-1785.585865772768,0
2005-02-07 13:00:00,-1854.081810811944,0
2005-02-07 14:00:00,-1919.326245126516,0
2005-02-07 15:00:00,-1977.4979941637282,0
2005-02-07 16:00:00,-2024.9250964670207,0
2005-02-07 17:00:00,-2058.2645660792646,0
2005-02-07 18:00:00,-2074.6772096616924,0
2005-02-07 19:00:00,-2071.9870907379027,0
2005-02-07 20:00:00,-2048.815497941357,0
2005-02-07 21:00:00,-2004.680253155814,0
2005-02-07 22:00:00,-1940.0528513910385,0
2005-02-07 23:00:00,-1856.3681672227187,0
2005-02-08 00:00:00,-1755.9841560113189,0
2005-02-08 01:00:00,-1642.091947879427,0
2005-02-08 02:00:00,-1518.5797795622848,0
2005-02-08 03:00:00,-1389.85712428049,0
2005-02-08 04:00:00,-1260.647958314906,0
2005-02-08 05:00:00,-1135.764160996306,0
2005-02-08 06:00:00,-1019.8714327148776,0
2005-02-08 07:00:00,-917.2607294845259,0
2005-02-08 08:00:00,-831.6380026378622,0
2005-02-08 09:00:00,-765.9440063991035,0
2005-02-08 10:00:00,-722.21416004052,0
2005-02-08 11:00:00,-701.4860437195994,0
2005-02-08 12:00:00,-703.7592309048046,0
2005-02-08 13:00:00,-728.0090108824068,0
2005-02-08 14:00:00,-772.2523455341272,0
2005-02-08 15:00:00,-833.6613510311024,0
2005-02-08 16:00:00,-908.7168994862285,0
2005-02-08 17:00:00,-993.3927720197314,0
2005-02-08 18:00:00,-1083.3592966886436,0
2005-02-08 19:00:00,-1174.194656149261,0
2005-02-08 20:00:00,-1261.592079521005,0
2005-02-08 21:00:00,-1341.5519132788659,0
2005-02-08 22:00:00,-1410.549016692682,0
2005-02-08 23:00:00,-1465.6679221099134,0
2005-02-09 00:00:00,-1504.700577734637,0
2005-02-09 01:00:00,-1526.2040668075624,0
2005-02-09 02:00:00,-1529.5182809157843,0
2005-02-09 03:00:00,-1514.7459324340246,0
2005-02-09 04:00:00,-1482.6993588407859,0
2005-02-09 05:00:00,-1434.8201700091615,0
2005-02-09 06:00:00,-1373.0788308824117,0
2005-02-09 07:00:00,-1299.861716245987,0
2005-02-09 08:00:00,-1217.8530308647694,0
2005-02-09 09:00:00,-1129.9183130748472,0
2005-02-09 10:00:00,-1038.9951295113606,0
2005-02-09 11:00:00,-947.9951506077549,0
2005-02-09 12:00:00,-859.7202177030031,0
2005-02-09 13:00:00,-776.7934261028977,0
2005-02-09 14:00:00,-701.604800123278,0
2005-02-09 15:00:00,-636.2699521889358,0
2005-02-09 16:00:00,-582.5992944222642,0
2005-02-09 17:00:00,-542.0749657719173,0
2005-02-09 18:00:00,-515.8326661746951,0
2005-02-09 19:00:00,-504.6460241176451,0
2005-02-09 20:00:00,-508.9118980938474,0
2005-02-09 21:00:00,-528.6360255294005,0
2005-02-09 22:00:00,-563.4195609599276,0
2005-02-09 23:00:00,-612.4481527992186,0
2005-02-10 00:00:00,-674.4861600072218,0
2005-02-10 01:00:00,-747.8792848228288,0
2005-02-10 02:00:00,-830.5691989798829,0
2005-02-10 03:00:00,-920.1236063982457,0
2005-02-10 04:00:00,-1013.7845940646997,0
2005-02-10 05:00:00,-1108.5370973630713,0
2005-02-10 06:00:00,-1201.1979121296772,0
2005-02-10 07:00:00,-1288.5240271697144,0
2005-02-10 08:00:00,-1367.3372620896116,0
2005-02-10 09:00:00,-1434.6604296665312,0
2005-02-10 10:00:00,-1487.858659774697,0
2005-02-10 11:00:00,-1524.7782762600707,0
2005-02-10 12:00:00,-1543.8748418342086,0
2005-02-10 13:00:00,-1544.3217793940426,0
2005-02-10 14:00:00,-1526.0913995607282,0
2005-02-10 15:00:00,-1490.0012237764809,0
2005-02-10 16:00:00,-1437.7201493105313,0
2005-02-10 17:00:00,-1371.7311670668923,0
2005-02-10 18:00:00,-1295.2498815699128,0
2005-02-10 19:00:00,-1212.1008268997816,0
2005-02-10 20:00:00,-1126.5563323695137,0
2005-02-10 21:00:00,-1043.1452690017754,0
2005-02-10 22:00:00,-966.4412110338579,0
2005-02-10 23:00:00,-900.8412062617881,0
2005-02-11 00:00:00,-850.3473307895417,0
2005-02-11 01:00:00,-818.3634195525308,0
2005-02-11 02:00:00,-807.5187793007967,0
2005-02-11 03:00:00,-819.5293280678186,0
2005-02-11 04:00:00,-855.1045432038861,0
2005-02-11 05:00:00,-913.905968532619,0
2005-02-11 06:00:00,-994.5600017612932,0
2005-02-11 07:00:00,-1094.7244572470086,0
2005-02-11 08:00:00,-1211.2051929293686,0
2005-02-11 09:00:00,-1340.1161192549193,0
2005-02-11 10:00:00,-1477.073371278131,0
2005-02-11 11:00:00,710.4943316127947,1
2005-02-11 12:00:00,-1756.4162582195372,0
2005-02-11 13:00:00,-1889.5404060789917,0
2005-02-11 14:00:00,-2012.624854489351,0
2005-02-11 15:00:00,-2122.0792893508005,0
2005-02-11 16:00:00,-2215.0337632985975,0
2005-02-11 17:00:00,-2289.447393241026,0
2005-02-11 18:00:00,-2344.1709810688644,0
2005-02-11 19:00:00,-2378.9622971186195,0
2005-02-11 20:00:00,-2394.4556349775758,0
2005-02-11 21:00:00,-2392.089876043029,0
2005-02-11 22:00:00,-2374.001521266543,0
2005-02-11 23:00:00,-2342.89081996282,0
2005-02-12 00:00:00,-2301.8701608467613,0
2005-02-12 01:00:00,-2254.304248764543,0
2005-02-12 02:00:00,-2203.651284398543,0
2005-02-12 03:00:00,-2153.3134557458798,0
2005-02-12 04:00:00,-2106.5036448150536,0
2005-02-12 05:00:00,-2066.133489634763,0
2005-02-12 06:00:00,-2034.7259804502394,0
2005-02-12 07:00:00,-2014.3537776344842,0
2005-02-12 08:00:00,-2006.6025787895035,0
2005-02-12 09:00:00,-2012.5572757786117,0
2005-02-12 10:00:00,-2032.8074404773129,0
2005-02-12 11:00:00,-2067.4679333729537,0
2005-02-12 12:00:00,-2116.210170448519,0
2005-02-12 13:00:00,-2178.299794754283,0
2005-02-12 14:00:00,-2252.637121205041,0
2005-02-12 15:00:00,-2337.7976620664817,0
2005-02-12 16:00:00,-2432.0711754098343,0
2005-02-12 17:00:00,-2533.4988736019923,0
2005-02-12 18:00:00,-2639.909545436119,0
2005-02-12 19:00:00,-2748.9562560558206,0
2005-02-12 20:00:00,-2858.1558879155086,0
2005-02-12 21:00:00,-2964.9340002131958,0
2005-02-12 22:00:00,-3066.677279036745,0
2005-02-12 23:00:00,-3160.795233781013,0
2005-02-13 00:00:00,-3244.7918172182085,0
2005-02-13 01:00:00,-3316.346394970403,0
2005-02-13 02:00:00,-3373.4020836509912,0
2005-02-13 03:00:00,-3414.2580545173505,0
2005-02-13 04:00:00,-3437.6611081070223,0
2005-02-13 05:00:00,-3442.8908069647705,0
2005-02-13 06:00:00,-3429.831832181847,0
2005-02-13 07:00:00,-3399.0270994141174,0
2005-02-13 08:00:00,-3351.7055867199897,0
2005-02-13 09:00:00,-3289.7798001876363,0
2005-02-13 10:00:00,-3215.8092964385296,0
2005-02-13 11:00:00,-3132.9286099814876,0
2005-02-13 12:00:00,-3044.7401734292735,0
2005-02-13 13:00:00,-2955.175213129254,0
2005-02-13 14:00:00,-2868.327974863819,0
2005-02-13 15:00:00,-2788.2708003877506,0
2005-02-13 16:00:00,-2718.859360057088,0
2005-02-13 17:00:00,-2663.5385961870434,0
2005-02-13 18:00:00,-2625.1605275036895,0
2005-02-13 19:00:00,-2605.824933773766,0
2005-02-13 20:00:00,-2606.7530601585677,0
2005-02-13 21:00:00,-2628.202886843695,0
2005-02-13 22:00:00,-2669.4322885979664,0
2005-02-13 23:00:00,-2728.7136969218145,0
2005-02-14 00:00:00,-2803.400849118063,0
2005-02-14 01:00:00,-2890.045065236899,0
2005-02-14 02:00:00,-2984.555448604133,0
2005-02-14 03:00:00,-3082.394667961984,0
2005-02-14 04:00:00,-3178.799739261842,0
2005-02-14 05:00:00,-3269.015639496896,0
2005-02-14 06:00:00,-3348.52876507962,0
2005-02-14 07:00:00,-3413.28725100368,0
2005-02-14 08:00:00,-3459.8959942886277,0
2005-02-14 09:00:00,-3485.775817962237,0
2005-02-14 10:00:00,-3489.2784584815126,0
2005-02-14 11:00:00,-3469.751803220369,0
2005-02-14 12:00:00,-1384.3517465434895,1
2005-02-14 13:00:00,-3364.0090498801337,0
2005-02-14 14:00:00,-3281.3315810465583,0
2005-02-14 15:00:00,-3182.487106176005,0
2005-02-14 16:00:00,-3071.0364249611644,0
2005-02-14 17:00:00,-2950.9503177251477,0
2005-02-14 18:00:00,-2826.4136093374386,0
2005-02-14 19:00:00,-2701.6286531084143,0
2005-02-14 20:00:00,332.939122717203,1
2005-02-14 21:00:00,-2467.111405329966,0
2005-02-14 22:00:00,-2364.2972934005024,0
2005-02-14 23:00:00,-2274.823112401842,0
2005-02-15 00:00:00,-2200.6685281811083,0
2005-02-15 01:00:00,-2143.119487899422,0
2005-02-15 02:00:00,-2102.765695209425,0
2005-02-15 03:00:00,-2079.528742844802,0
2005-02-15 04:00:00,-2072.71581798463,0
2005-02-15 05:00:00,-2081.0929150583456,0
2005-02-15 06:00:00,-2102.971067358964,0
2005-02-15 07:00:00,-2136.2992328714754,0
2005-02-15 08:00:00,-2178.7580858506517,0
2005-02-15 09:00:00,208.53349846254903,1
2005-02-15 10:00:00,-2280.981634484998,0
2005-02-15 11:00:00,-2335.5375232681986,0
2005-02-15 12:00:00,-2388.9433353009395,0
2005-02-15 13:00:00,-2438.720147564207,0
2005-02-15 14:00:00,-2482.5309140159607,0
2005-02-15 15:00:00,-2518.2215016063055,0
2005-02-15 16:00:00,-2543.8587104734183,0
2005-02-15 17:00:00,-2557.7675059240755,0
2005-02-15 18:00:00,-2558.569095958725,0
2005-02-15 19:00:00,-2545.220583554721,0
2005-02-15 20:00:00,-2517.055812993782,0
2005-02-15 21:00:00,-2473.825841787977,0
2005-02-15 22:00:00,-2415.736342269943,0
2005-02-15 23:00:00,-2343.4783054050963,0
2005-02-16 00:00:00,-2258.2478045748812,0
2005-02-16 01:00:00,-2161.750373162964,0
2005-02-16 02:00:00,-2056.185815075972,0
2005-02-16 03:00:00,-1944.2100179803654,0
2005-02-16 04:00:00,-1828.8715462261798,0
2005-02-16 05:00:00,-1713.522381507918,0
2005-02-16 06:00:00,-1601.7040427165412,0
2005-02-16 07:00:00,-1497.0123100565158,0
2005-02-16 08:00:00,-1402.9457408563667,0
2005-02-16 09:00:00,-1322.744927825225,0
2005-02-16 10:00:00,-1259.2308546715124,0
2005-02-16 11:00:00,-1214.6516101543366,0
2005-02-16 12:00:00,-1190.5470244194398,0
2005-02-16 13:00:00,-1187.6404287702685,0
2005-02-16 14:00:00,-1205.7656994541303,0
2005-02-16 15:00:00,-1243.8360675502872,0
2005-02-16 16:00:00,-1299.858951374977,0
2005-02-16 17:00:00,-1370.998430894681,0
2005-02-16 18:00:00,-1453.684107261528,0
2005-02-16 19:00:00,-1543.7621701138921,0
2005-02-16 20:00:00,-1636.681735255259,0
2005-02-16 21:00:00,-1727.707114109582,0
2005-02-16 22:00:00,-1812.1448110536012,0
2005-02-16 23:00:00,-1885.5728575044322,0
2005-02-17 00:00:00,-1944.059678523855,0
2005-02-17 01:00:00,-1984.36009082392,0
2005-02-17 02:00:00,-2004.077234904971,0
2005-02-17 03:00:00,-2001.7811760631114,0
2005-02-17 04:00:00,-1977.0774444698654,0
2005-02-17 05:00:00,-1930.621755502289,0
2005-02-17 06:00:00,-1864.0803589493628,0
2005-02-17 07:00:00,-1780.0386940415465,0
2005-02-17 08:00:00,-1681.864060050917,0
2005-02-17 09:00:00,-1573.530648099679,0
2005-02-17 10:00:00,-1459.4173470203255,0
2005-02-17 11:00:00,-1344.0901047897355,0
2005-02-17 12:00:00,-1232.0812183730104,0
2005-02-17 13:00:00,-1127.677716089097,0
2005-02-17 14:00:00,-1034.730022207909,0
2005-02-17 15:00:00,-956.49044135194,0
2005-02-17 16:00:00,-895.4888044624395,0
2005-02-17 17:00:00,-853.4500479073956,0
2005-02-17 18:00:00,-831.2557439303198,0
2005-02-17 19:00:00,-828.9488622731824,0
2005-02-17 20:00:00,-845.7785095991289,0
2005-02-17 21:00:00,-880.2792331865883,0
2005-02-17 22:00:00,-930.3778217492659,0
2005-02-17 23:00:00,-993.5194790073049,0
2005-02-18 00:00:00,-1066.8048254315559,0
2005-02-18 01:00:00,-1147.1293902675,0
2005-02-18 02:00:00,-1231.3180311235374,0
2005-02-18 03:00:00,-1316.247961759316,0
2005-02-18 04:00:00,-1398.955647557561,0
2005-02-18 05:00:00,-1476.724589446847,0
2005-02-18 06:00:00,-1547.1528006878077,0
2005-02-18 07:00:00,-1608.2004334809492,0
2005-02-18 08:00:00,-1658.2193997351183,0
2005-02-18 09:00:00,-1695.9678487402807,0
2005-02-18 10:00:00,-1720.6129484435896,0
2005-02-18 11:00:00,-1731.7255440399267,0
2005-02-18 12:00:00,-1729.269959013558,0
2005-02-18 13:00:00,-1713.591521858666,0
2005-02-18 14:00:00,-1685.4034431389719,0
2005-02-18 15:00:00,-1645.7735539880869,0
2005-02-18 16:00:00,-1596.1102837156177,0
2005-02-18 17:00:00,-1538.146236750233,0
2005-02-18 18:00:00,-1473.9169516708353,0
2005-02-18 19:00:00,-1405.7319879255083,0
2005-02-18 20:00:00,-1336.135456253172,0
2005-02-18 21:00:00,-1267.8535142266037,0
2005-02-18 22:00:00,-1203.727173158391,0
2005-02-18 23:00:00,-1146.6299488824395,0
2005-02-19 00:00:00,-1099.3713406360202,0
2005-02-19 01:00:00,-1064.5887131468344,0
2005-02-19 02:00:00,-1044.6317411021264,0
2005-02-19 03:00:00,-1041.444999255487,0
2005-02-19 04:00:00,-1056.4553984740496,0
2005-02-19 05:00:00,-1090.4718502938763,0
2005-02-19 06:00:00,-1143.604693350122,0
2005-02-19 07:00:00,-1215.2119781934032,0
2005-02-19 08:00:00,-1303.8786730462123,0
2005-02-19 09:00:00,-1407.433261775951,0
2005-02-19 10:00:00,-1523.0041442496433,0
2005-02-19 11:00:00,-1647.1158479816584,0
2005-02-19 12:00:00,-1775.8224814202003,0
2005-02-19 13:00:00,-1904.8732873368126,0
2005-02-19 14:00:00,-2029.9027807989078,0
2005-02-19 15:00:00,-2146.63596372033,0
2005-02-19 16:00:00,-2251.0976584488453,0
2005-02-19 17:00:00,-2339.8142224821067,0
2005-02-19 18:00:00,-2409.9958756285887,0
2005-02-19 19:00:00,-2459.688617200831,0
2005-02-19 20:00:00,-2487.886205440555,0
2005-02-19 21:00:00,-2494.5948305745906,0
2005-02-19 22:00:00,-2480.845803226479,0
2005-02-19 23:00:00,-2448.6546274165685,0
2005-02-20 00:00:00,-2400.9280300378527,0
2005-02-20 01:00:00,-2341.3236610149993,0
2005-02-20 02:00:00,-2274.0700471734017,0
2005-02-20 03:00:00,-2203.7567829924756,0
2005-02-20 04:00:00,-2135.1067100868086,0
2005-02-20 05:00:00,-2072.7428559888363,0
2005-02-20 06:00:00,-2020.9631061115958,0
2005-02-20 07:00:00,-1983.534962796607,0
2005-02-20 08:00:00,-1963.521352172263,0
2005-02-20 09:00:00,-1963.1463771166411,0
2005-02-20 10:00:00,-1983.707332683372,0
2005-02-20 11:00:00,-2025.5363829883272,0
2005-02-20 12:00:00,-2088.01225022931,0
2005-02-20 13:00:00,-2169.6192967184616,0
2005-02-20 14:00:00,-2268.048688558088,0
2005-02-20 15:00:00,-2380.3340888758394,0
2005-02-20 16:00:00,-2503.012675932917,0
2005-02-20 17:00:00,-2632.3013067546362,0
2005-02-20 18:00:00,-2764.277387698329,0
2005-02-20 19:00:00,-2895.054453286802,0
2005-02-20 20:00:00,-3020.9435263926666,0
2005-02-20 21:00:00,-3138.5929248058537,0
2005-02-20 22:00:00,-3245.101145355914,0
2005-02-20 23:00:00,-3338.099629230077,0
2005-02-21 00:00:00,-3415.8044151377194,0
2005-02-21 01:00:00,-3477.037751037584,0
2005-02-21 02:00:00,-3521.222510476852,0
2005-02-21 03:00:00,-3548.3536275633737,0
2005-02-21 04:00:00,-3558.9516463839063,0
2005-02-21 05:00:00,-3554.003842436622,0
2005-02-21 06:00:00,-3534.8982277738796,0
2005-02-21 07:00:00,-3503.35515411895,0
2005-02-21 08:00:00,-3461.3602727100806,0
2005-02-21 09:00:00,-3411.1014176311173,0
2005-02-21 10:00:00,-3354.910689065265,0
2005-02-21 11:00:00,-3295.2117661827947,0
2005-02-21 12:00:00,-3234.4714090078396,0
2005-02-21 13:00:00,-3175.153326220308,0
2005-02-21 14:00:00,-3119.6721719136476,0
2005-02-21 15:00:00,-3070.345431000526,0
2005-02-21 16:00:00,-3029.3413603176505,0
2005-02-21 17:00:00,-2998.6219285397387,0
2005-02-21 18:00:00,-2979.880762451181,0
2005-02-21 19:00:00,-2974.477348471328,0
2005-02-21 20:00:00,-2983.3700239567925,0
2005-02-21 21:00:00,-3007.051480903213,0
2005-02-21 22:00:00,-3045.491457180084,0
2005-02-21 23:00:00,-3098.091885837516,0
2005-02-22 00:00:00,-3163.6599178907763,0
2005-02-22 01:00:00,-3240.403872276317,0
2005-02-22 02:00:00,-3325.9562859720845,0
2005-02-22 03:00:00,-3417.4268714154477,0
2005-02-22 04:00:00,-3511.4864161027244,0
2005-02-22 05:00:00,-3604.4805991674402,0
2005-02-22 06:00:00,-3692.5705015014446,0
2005-02-22 07:00:00,-3771.8944189721587,0
2005-02-22 08:00:00,-3838.7436281556893,0
2005-02-22 09:00:00,-3889.743168464074,0
2005-02-22 10:00:00,-3922.027639436454,0
2005-02-22 11:00:00,-3933.401578779266,0
2005-02-22 12:00:00,-3922.4742526170025,0
2005-02-22 13:00:00,-3888.7596704729303,0
2005-02-22 14:00:00,-3832.73429608891,0
2005-02-22 15:00:00,-3755.847171341613,0
2005-02-22 16:00:00,-3660.4798675083402,0
2005-02-22 17:00:00,-3549.8566518703474,0
2005-02-22 18:00:00,-3427.908309009042,0
2005-02-22 19:00:00,-3299.09597557608,0
2005-02-22 20:00:00,-3168.2039302918834,0
2005-02-22 21:00:00,-3040.112343344079,0
2005-02-22 22:00:00,-2919.562381468629,0
2005-02-22 23:00:00,-2810.9266828756604,0
2005-02-23 00:00:00,-2717.9980098062256,0
2005-02-23 01:00:00,-2643.8078638050783,0
2005-02-23 02:00:00,-2590.48507535009,0
2005-02-23 03:00:00,-2559.161973870424,0
2005-02-23 04:00:00,-2549.9328693521834,0
2005-02-23 05:00:00,-2561.866427990676,0
2005-02-23 06:00:00,-2593.070315026497,0
2005-02-23 07:00:00,-2640.8034236431968,0
2005-02-23 08:00:00,-2701.628311806394,0
2005-02-23 09:00:00,-2771.594303298427,0
2005-02-23 10:00:00,-2846.4402085645697,0
2005-02-23 11:00:00,-2921.804869239086,0
2005-02-23 12:00:00,-2993.4337562009546,0
2005-02-23 13:00:00,-3057.3706273820926,0
2005-02-23 14:00:00,-3110.1246979902844,0
2005-02-23 15:00:00,-3148.8057661691923,0
2005-02-23 16:00:00,-3171.2221100015313,0
2005-02-23 17:00:00,-3175.938543591272,0
2005-02-23 18:00:00,-3162.2945995257232,0
2005-02-23 19:00:00,-3130.385208293892,0
2005-02-23 20:00:00,-3081.0083093463663,0
2005-02-23 21:00:00,-3015.585423653496,0
2005-02-23 22:00:00,-2936.0622562726485,0
2005-02-23 23:00:00,-2844.7968396720617,0
2005-02-24 00:00:00,-2744.442583693128,0
2005-02-24 01:00:00,-2637.8329221043496,0
2005-02-24 02:00:00,-2527.873135238862,0
2005-02-24 03:00:00,-2417.443510797187,0
2005-02-24 04:00:00,-2309.316427412755,0
2005-02-24 05:00:00,-2206.0883610435,0
2005-02-24 06:00:00,-2110.1263684836176,0
2005-02-24 07:00:00,-2023.5274214144824,0
2005-02-24 08:00:00,-1948.0881443066683,0
2005-02-24 09:00:00,-1885.2821079955193,0
2005-02-24 10:00:00,-1836.2418633607977,0
2005-02-24 11:00:00,-1801.743338742363,0
2005-02-24 12:00:00,-1782.1910032341586,0
2005-02-24 13:00:00,-1777.603215416009,0
2005-02-24 14:00:00,-1787.5983094557812,0
2005-02-24 15:00:00,-1811.3830819881334,0
2005-02-24 16:00:00,-1847.746298690065,0
2005-02-24 17:00:00,-1895.0605174326392,0
2005-02-24 18:00:00,-1951.2958287169263,0
2005-02-24 19:00:00,-2014.0489816618906,0
2005-02-24 20:00:00,-2080.5907738831497,0
2005-02-24 21:00:00,-2147.933558821847,0
2005-02-24 22:00:00,-2212.9193300854345,0
2005-02-24 23:00:00,-2272.3271831201764,0
2005-02-25 00:00:00,-2322.9971642784676,0
2005-02-25 01:00:00,-2361.9657496988693,0
2005-02-25 02:00:00,-2386.6066116119987,0
2005-02-25 03:00:00,-2394.76908093116,0
2005-02-25 04:00:00,-2384.9059350922744,0
2005-02-25 05:00:00,-2356.181929508607,0
2005-02-25 06:00:00,-2308.554908197029,0
2005-02-25 07:00:00,-2242.8223843228143,0
2005-02-25 08:00:00,-2160.6281340157225,0
2005-02-25 09:00:00,-2064.4255070042072,0
2005-02-25 10:00:00,-1957.3966919129543,0
2005-02-25 11:00:00,-1843.3299145529445,0
2005-02-25 12:00:00,-1726.4593040020925,0
2005-02-25 13:00:00,-1611.2747354480941,0
2005-02-25 14:00:00,-1502.3111593714295,0
2005-02-25 15:00:00,-1403.9285842593517,0
2005-02-25 16:00:00,-1320.0948604729824,0
2005-02-25 17:00:00,-1254.1836280454684,0
2005-02-25 18:00:00,-1208.7992065525452,0
2005-02-25 19:00:00,-1185.6388432795716,0
2005-02-25 20:00:00,-1185.400675380968,0
2005-02-25 21:00:00,-1207.7431322693626,0
2005-02-25 22:00:00,-1251.2984776997725,0
2005-02-25 23:00:00,-1313.7399681702968,0
2005-02-26 00:00:00,-1391.8989016058567,0
2005-02-26 01:00:00,-1481.9248633064105,0
2005-02-26 02:00:00,-1579.4799437673114,0
2005-02-26 03:00:00,-1679.9557730904555,0
2005-02-26 04:00:00,-1778.7010139495956,0
2005-02-26 05:00:00,-1871.2465519907742,0
2005-02-26 06:00:00,-1953.516034652756,0
2005-02-26 07:00:00,-2022.0105945771952,0
2005-02-26 08:00:00,-2073.958456062871,0
2005-02-26 09:00:00,-2107.4225203190836,0
2005-02-26 10:00:00,-2121.3617805872536,0
2005-02-26 11:00:00,-2115.6453332668702,0
2005-02-26 12:00:00,-2091.02062160298,0
2005-02-26 13:00:00,-2049.040179054281,0
2005-02-26 14:00:00,-1991.9533585215063,0
2005-02-26 15:00:00,-1922.5712054125813,0
2005-02-26 16:00:00,-1844.1136664743779,0
2005-02-26 17:00:00,-1760.0486826483839,0
2005-02-26 18:00:00,-1673.9324054515796,0
2005-02-26 19:00:00,-1589.2588648019414,0
2005-02-26 20:00:00,-1509.326007298386,0
2005-02-26 21:00:00,-1437.1232566912304,0
2005-02-26 22:00:00,-1375.2437828707652,0
2005-02-26 23:00:00,-1325.822669997475,0
2005-02-27 00:00:00,-1290.5003099292796,0
2005-02-27 01:00:00,-1270.4087560057653,0
2005-02-27 02:00:00,-1266.1775660897863,0
2005-02-27 03:00:00,-1277.9549151679605,0
2005-02-27 04:00:00,-1305.4394955333023,0
2005-02-27 05:00:00,-1347.9189304068625,0
2005-02-27 06:00:00,-1404.311046378079,0
2005-02-27 07:00:00,-1473.2052869481977,0
2005-02-27 08:00:00,-1552.902682892688,0
2005-02-27 09:00:00,-1641.4539892361108,0
2005-02-27 10:00:00,-1736.696715147551,0
2005-02-27 11:00:00,-1836.2926842811557,0
2005-02-27 12:00:00,-1937.768363514773,0
2005-02-27 13:00:00,-2038.560414211342,0
2005-02-27 14:00:00,-2136.068717500987,0
2005-02-27 15:00:00,-2227.718511491136,0
2005-02-27 16:00:00,-2311.0323036775294,0
2005-02-27 17:00:00,-2383.710974099693,0
2005-02-27 18:00:00,-2443.7220824659703,0
2005-02-27 19:00:00,-2489.3919743759566,0
2005-02-27 20:00:00,-2519.496994775356,0
2005-02-27 21:00:00,-2533.348102735832,0
2005-02-27 22:00:00,-2530.8625644242,0
2005-02-27 23:00:00,-2512.616274961694,0
2005-02-28 00:00:00,-2479.8706800748437,0
2005-02-28 01:00:00,-2434.569245142826,0
2005-02-28 02:00:00,-2379.2999149087277,0
2005-02-28 03:00:00,-2317.2219379628636,0
2005-02-28 04:00:00,-2251.957671453227,0
2005-02-28 05:00:00,-2187.452376654528,0
2005-02-28 06:00:00,-2127.8073880715497,0
2005-02-28 07:00:00,-2077.0942041162198,0
2005-02-28 08:00:00,-2039.158830459921,0
2005-02-28 09:00:00,-2017.4269544789413,0
2005-02-28 10:00:00,-2014.7211222826284,0
2005-02-28 11:00:00,-2033.1009553481765,0
2005-02-28 12:00:00,-2073.7365606143267,0
2005-02-28 13:00:00,-2136.8236898969312,0
2005-02-28 14:00:00,-2221.5469793312973,0
2005-02-28 15:00:00,-2326.0948831345268,0
2005-02-28 16:00:00,-2447.726883181544,0
2005-02-28 17:00:00,-2582.8904080926586,0
2005-02-28 18:00:00,-2727.3818460385096,0
2005-02-28 19:00:00,-2876.543293805616,0
2005-02-28 20:00:00,-3025.4844410616106,0
2005-02-28 21:00:00,-3169.3173999456376,0
2005-02-28 22:00:00,-3303.3914675957194,0
2005-02-28 23:00:00,-3423.51481092617,0
2005-03-01 00:00:00,-3526.1508888364015,0
2005-03-01 01:00:00,-3608.5790190783996,0
2005-03-01 02:00:00,-3669.010743642486,0
2005-03-01 03:00:00,-3706.656390928485,0
2005-03-01 04:00:00,-3721.739284861087,0
2005-03-01 05:00:00,-3715.4582008951515,0
2005-03-01 06:00:00,-3689.901703189607,0
2005-03-01 07:00:00,-3647.9207146798526,0
2005-03-01 08:00:00,-3592.9678974539884,0
2005-03-01 09:00:00,912.3453557721739,1
2005-03-01 10:00:00,-3459.8523610043876,0
2005-03-01 11:00:00,-3389.9023660532166,0
2005-03-01 12:00:00,-3323.0231123965636,0
2005-03-01 13:00:00,-3262.845970788731,0
2005-03-01 14:00:00,-3212.5340013715395,0
2005-03-01 15:00:00,-3174.673485705361,0
2005-03-01 16:00:00,-3151.2006124418754,0
2005-03-01 17:00:00,-3143.3639368866575,0
2005-03-01 18:00:00,-3151.720989966084,0
2005-03-01 19:00:00,-3176.1654778482252,0
2005-03-01 20:00:00,-3215.980014422114,0
2005-03-01 21:00:00,-3269.908348881012,0
2005-03-01 22:00:00,-3336.2406274055024,0
2005-03-01 23:00:00,-3412.905351338454,0
2005-03-02 00:00:00,-3497.5623090547665,0
2005-03-02 01:00:00,-3587.6917707631565,0
2005-03-02 02:00:00,-3680.6765209195714,0
2005-03-02 03:00:00,-3773.8747199788672,0
2005-03-02 04:00:00,-3864.6829889975234,0
2005-03-02 05:00:00,-3950.590358338789,0
2005-03-02 06:00:00,-4029.2246969079715,0
2005-03-02 07:00:00,-4098.393853001116,0
2005-03-02 08:00:00,-4156.123942041645,0
2005-03-02 09:00:00,-4200.697002327902,0
2005-03-02 10:00:00,-4230.689641916253,0
2005-03-02 11:00:00,-4245.013391329293,0
2005-03-02 12:00:00,-4242.956363323744,0
2005-03-02 13:00:00,-4224.224630143484,0
2005-03-02 14:00:00,-4188.980598644881,0
2005-03-02 15:00:00,-4137.874730213518,0
2005-03-02 16:00:00,-4072.0663362635596,0
2005-03-02 17:00:00,-3993.228975547779,0
2005-03-02 18:00:00,-3903.536244850719,0
2005-03-02 19:00:00,-3805.6245060217343,0
2005-03-02 20:00:00,-3702.530300901833,0
2005-03-02 21:00:00,-3597.601798825024,0
2005-03-02 22:00:00,-3494.385487414418,0
2005-03-02 23:00:00,-3396.4913141753996,0
2005-03-03 00:00:00,-3307.441452353395,0
2005-03-03 01:00:00,-3230.509631816147,0
2005-03-03 02:00:00,-3168.559384118269,0
2005-03-03 03:00:00,-3123.8904614499297,0
2005-03-03 04:00:00,-3098.102996396413,0
2005-03-03 05:00:00,-3091.988611118046,0
2005-03-03 06:00:00,-3105.4566482078694,0
2005-03-03 07:00:00,-3137.5020209414124,0
2005-03-03 08:00:00,-3186.218958543345,0
2005-03-03 09:00:00,-3248.862288300659,0
2005-03-03 10:00:00,-3321.9550225711087,0
2005-03-03 11:00:00,-3401.438100264694,0
2005-03-03 12:00:00,-3482.855373702637,0
2005-03-03 13:00:00,-3561.5645312178535,0
2005-03-03 14:00:00,-3632.9627805459672,0
2005-03-03 15:00:00,-3692.7149301165273,0
2005-03-03 16:00:00,-3736.971090844013,0
2005-03-03 17:00:00,-3762.5616221026244,0
2005-03-03 18:00:00,-3767.1581467809033,0
2005-03-03 19:00:00,-3749.3913891529373,0
2005-03-03 20:00:00,-3708.9191211498073,0
2005-03-03 21:00:00,-3646.440469605513,0
2005-03-03 22:00:00,-3563.656040246973,0
2005-03-03 23:00:00,-3463.1765381008386,0
2005-03-04 00:00:00,-3348.3855923177953,0
2005-03-04 01:00:00,-3223.2651248834045,0
2005-03-04 02:00:00,-3092.193665630268,0
2005-03-04 03:00:00,-2959.729380649587,0
2005-03-04 04:00:00,-2830.390168878595,0
2005-03-04 05:00:00,2239.3710871061203,1
2005-03-04 06:00:00,-2597.713447598129,0
2005-03-04 07:00:00,-2501.4255647780305,0
2005-03-04 08:00:00,-2422.0783572907876,0
2005-03-04 09:00:00,-2361.364656936891,0
2005-03-04 10:00:00,-2320.133749657826,0
2005-03-04 11:00:00,-2298.397222462604,0
2005-03-04 12:00:00,-2295.3747193088752,0
2005-03-04 13:00:00,-2309.5741681272107,0
2005-03-04 14:00:00,-2338.8993901095973,0
2005-03-04 15:00:00,-2380.7769482328476,0
2005-03-04 16:00:00,-2432.2936753159624,0
2005-03-04 17:00:00,-2490.336532491101,0
2005-03-04 18:00:00,-2551.727228309638,0
2005-03-04 19:00:00,-2613.3452763840437,0
2005-03-04 20:00:00,-2672.2347526978474,0
2005-03-04 21:00:00,-2725.691779333457,0
2005-03-04 22:00:00,-2771.3315491836765,0
2005-03-04 23:00:00,-2807.135362669869,0
2005-03-05 00:00:00,-2831.479538417949,0
2005-03-05 01:00:00,-2843.1490813500936,0
2005-03-05 02:00:00,-2841.3395781806394,0
2005-03-05 03:00:00,-2825.650919303563,0
2005-03-05 04:00:00,-2796.0761388319997,0
2005-03-05 05:00:00,-2752.9879833174405,0
2005-03-05 06:00:00,-2697.124861094747,0
2005-03-05 07:00:00,-2629.5767099385607,0
2005-03-05 08:00:00,-2551.770185904473,0
2005-03-05 09:00:00,-2465.4515567825756,0
2005-03-05 10:00:00,-2372.6649035081437,0
2005-03-05 11:00:00,-2275.7227925966117,0
2005-03-05 12:00:00,-2177.1665495112284,0
2005-03-05 13:00:00,-2079.7136643411736,0
2005-03-05 14:00:00,-1986.1906817947029,0
2005-03-05 15:00:00,-1899.451109428753,0
2005-03-05 16:00:00,-1822.2793253412283,0
2005-03-05 17:00:00,-1757.283053084131,0
2005-03-05 18:00:00,-1706.778551445162,0
2005-03-05 19:00:00,-1672.674086908658,0
2005-03-05 20:00:00,-1656.3583701066184,0
2005-03-05 21:00:00,-1658.601316740199,0
2005-03-05 22:00:00,-1679.4746416876953,0
2005-03-05 23:00:00,-1718.2993561909677,0
2005-03-06 00:00:00,-1773.626202729647,0
2005-03-06 01:00:00,-1843.2534702688897,0
2005-03-06 02:00:00,-1924.2845715013962,0
2005-03-06 03:00:00,-2013.2253631934095,0
2005-03-06 04:00:00,-2106.118613597297,0
2005-03-06 05:00:00,-2198.710451073538,0
2005-03-06 06:00:00,-2286.6412567373854,0
2005-03-06 07:00:00,-2365.6514746436383,0
2005-03-06 08:00:00,-2431.7913671253314,0
2005-03-06 09:00:00,-2481.6229665335886,0
2005-03-06 10:00:00,-2512.4024481177844,0
2005-03-06 11:00:00,-2522.2318994847524,0
2005-03-06 12:00:00,-2510.1709611706074,0
2005-03-06 13:00:00,-2476.3009764863664,0
2005-03-06 14:00:00,-2421.7369833898856,0
2005-03-06 15:00:00,-2348.5859326429672,0
2005-03-06 16:00:00,-2259.852722802145,0
2005-03-06 17:00:00,-2159.2987880930586,0
2005-03-06 18:00:00,-2051.2608466917936,0
2005-03-06 19:00:00,-1940.439819140734,0
2005-03-06 20:00:00,-1831.6716967122159,0
2005-03-06 21:00:00,-1729.6931590000809,0
2005-03-06 22:00:00,-1638.914943366571,0
2005-03-06 23:00:00,-1563.2153482463737,0
2005-03-07 00:00:00,-1505.764857799865,0
2005-03-07 01:00:00,-1468.8908110004922,0
2005-03-07 02:00:00,-1453.988453736389,0
2005-03-07 03:00:00,-1461.4817920443852,0
2005-03-07 04:00:00,-1490.8346127126508,0
2005-03-07 05:00:00,-1540.6090637749157,0
2005-03-07 06:00:00,-1608.5664909786117,0
2005-03-07 07:00:00,-1691.8029812388268,0
2005-03-07 08:00:00,-1786.9104070726999,0
2005-03-07 09:00:00,-1890.1527869817783,0
2005-03-07 10:00:00,-1997.6475133108006,0
2005-03-07 11:00:00,-2105.5414350818173,0
2005-03-07 12:00:00,-2210.1728514774504,0
2005-03-07 13:00:00,-2308.212060458443,0
2005-03-07 14:00:00,-2396.77507052895,0
2005-03-07 15:00:00,-2473.5072541117825,0
2005-03-07 16:00:00,-2536.6359226205896,0
2005-03-07 17:00:00,-2584.992866671704,0
2005-03-07 18:00:00,-2618.00968018827,0
2005-03-07 19:00:00,-2635.690055788721,0
2005-03-07 20:00:00,-2638.5641219831837,0
2005-03-07 21:00:00,-2627.630256434748,0
2005-03-07 22:00:00,-2604.289666238116,0
2005-03-07 23:00:00,-2570.2784318290646,0
2005-03-08 00:00:00,-2527.600759169404,0
2005-03-08 01:00:00,-2478.465996760432,0
2005-03-08 02:00:00,-2425.230687880249,0
2005-03-08 03:00:00,-2370.345686041394,0
2005-03-08 04:00:00,-2316.3072956761957,0
2005-03-08 05:00:00,-2265.610621991371,0
2005-03-08 06:00:00,-2220.7029041559886,0
2005-03-08 07:00:00,-2183.934606548096,0
2005-03-08 08:00:00,-2157.506453672517,0
2005-03-08 09:00:00,-2143.4113734949256,0
2005-03-08 10:00:00,-2143.3713809213914,0
2005-03-08 11:00:00,-2158.7706764526783,0
2005-03-08 12:00:00,-2190.587521980739,0
2005-03-08 13:00:00,-2239.328644428485,0
2005-03-08 14:00:00,-2304.9708703878005,0
2005-03-08 15:00:00,-2386.915289565978,0
2005-03-08 16:00:00,-2483.959388293605,0
2005-03-08 17:00:00,-2594.2922305682305,0
2005-03-08 18:00:00,-2715.5168807510167,0
2005-03-08 19:00:00,-2844.7028929898447,0
2005-03-08 20:00:00,-2978.469916558491,0
2005-03-08 21:00:00,-3113.101402220661,0
2005-03-08 22:00:00,-3244.685192234781,0
2005-03-08 23:00:00,-3369.2756051848673,0
2005-03-09 00:00:00,-3483.0696622191585,0
2005-03-09 01:00:00,-3582.5885113198465,0
2005-03-09 02:00:00,-3664.8540368708336,0
2005-03-09 03:00:00,-3727.550204622881,0
2005-03-09 04:00:00,-3769.1589544167796,0
2005-03-09 05:00:00,-3789.061430921671,0
2005-03-09 06:00:00,-3787.596998605009,0
2005-03-09 07:00:00,-3766.0747312641074,0
2005-03-09 08:00:00,-3726.7347620561095,0
2005-03-09 09:00:00,-3672.6598529864937,0
2005-03-09 10:00:00,-3607.6405941700323,0
2005-03-09 11:00:00,-3536.0005632841953,0
2005-03-09 12:00:00,-3462.3903599703117,0
2005-03-09 13:00:00,-3391.561494359117,0
2005-03-09 14:00:00,-3328.132503611686,0
2005-03-09 15:00:00,-3276.360291379503,0
2005-03-09 16:00:00,-3239.929482299046,0
2005-03-09 17:00:00,-3221.771564891488,0
2005-03-09 18:00:00,-3223.9238270170345,0
2005-03-09 19:00:00,-3247.435686815215,0
2005-03-09 20:00:00,-3292.327151676709,0
2005-03-09 21:00:00,-3357.600993449432,0
2005-03-09 22:00:00,-3441.3070229975315,0
2005-03-09 23:00:00,-3540.653796946707,0
2005-03-10 00:00:00,-3652.1603960671373,0
